distance (in meters) | throw speed
-----------------------------------
0.663		600
0.764		618
0.913		630
1.128		680
1.316		750
1.515		805
1.742		855
1.903		885
2.123		920
2.367		990
2.470		1030

{
  "distances": [
    0.663, 0.764, 0.913, 1.128, 1.316, 1.515, 1.742, 1.903, 2.123, 2.367, 2.470
  ],
  "speeds": [
    600, 618, 630, 680, 750, 805, 855, 885, 920, 990, 1030
  ]
}

24.01 Recalibration

0.422		500
0.550		550
0.594		580
0.734		600
0.930		620
1.060		658
1.180		680
1.322		722
1.440		770
1.610		798
1.733		850
1.852		892
1.958		910
2.198		940
2.350		985
2.550		1080
3.030		1500


{
  "distances": [
    0.422, 0.550, 0.594, 0.734, 0.930, 1.060, 1.180, 1.322, 1.440, 1.610, 1.733, 1.852, 1.958, 2.198, 2.350, 2.550, 3.030
  ],
  "speeds": [
    500, 550, 580, 600, 620, 658, 680, 722, 770, 798, 850, 892, 910, 940, 985, 1080, 1500
  ]
}


IDk why is it so bad, guess we recalibrating

25.01


